148 147 42 
98 99 100 101 104 
102 103 105 106 51 
130 131 140 
142 149 
197 
64 63 
86 87 53 
54 52 151 
136 5 6 7 
44 188 
40 16 17 14 15 
41 18 21 19 22 
45 71 76 85 175 
47 48 49 50 66 
58 59 4 150 
88 
132 133 134 162 23 
137 83 82 
144 185 
156 182 183 163 
184 43 
28 26 20 32 27 
29 30 31 33 34 
35 36 37 38 39 
62 61 159 
84 81 
152 153 154 157 158 
164 160 161 165 166 
167 168 169 170 171 
172 179 180 181 
25 24 10 
46 13 12 77 
55 
56 57 177 
60 3 
65 198 9 
68 69 70 
78 199 79 200 92 
95 2 96 97 
108 67 
141 187 
143 176 11 
72 201 
129 139 
135 8 127 
73 74 89 
75 93 
80 125 
90 91 
94 
107 116 109 
110 111 
112 113 
114 115 117 
118 119 
120 195 121 
122 123 
124 126 
128 
138 
145 
146 
155 193 
173 194 
174 
178 
186 202 
189 190 
191 192 196 
203 204 
